File type = "ooTextFile"
Object class = "Harmonicity 2"

0
5.5049375
340
0.016
0.040468750000000046
1
1
1
1
1
2.8422185039544074
8.110230223448351
9.858561019143362
9.55324404730052
6.889274659028411
8.290848314615326
7.3468169633248674
9.582929983442819
8.311136374344839
9.795924063377194
9.26368360050488
10.194984755843455
11.212472910801814
11.29572848893844
11.746460792769614
12.517780808198216
10.701029291868958
0.17606510489808674
0.0723868479331074
0.5331695564855422
0.620663171027691
3.758588479631793
12.474902645893074
16.690022147394497
18.015930293009667
18.1802410801546
13.168931314240744
8.362720584891948
7.081415544985582
7.057241975350328
8.840087070965325
11.23480122040187
13.46346946446708
14.67053435895522
15.5613200784223
15.99012394320076
15.740953548028171
15.59643356792819
16.135123266419836
17.84126051943947
20.973721445656977
22.11809708807593
20.553420619788568
20.408777059758787
20.46589715633479
22.012039921720827
23.7329705902412
24.406769378712163
21.08089910824411
16.800328406701944
14.472411317325664
18.399795594871847
21.799028639493176
18.247659768214316
5.5139229184741225
7.127475645254183
8.775781857505129
9.787457085363327
18.553951387085917
14.215678268126704
10.943580116377596
3.075598616627601
3.4896281676223873
9.813169574063869
13.808627970278053
27.202413025964844
25.15846416177684
25.608204823120868
25.22925005139205
23.183139095549436
22.251689573886285
25.42308111824589
27.452651692310287
25.155616741346755
23.13397067546252
19.197434132330212
17.897574403510326
20.18119826391597
26.0411012199776
30.238823215984322
34.3725328180704
34.2335652314434
31.302395518703186
26.299648890413046
23.923407489875185
23.520587111700927
9.501301457893511
-200
4.055951069385667
6.269880904654289
7.937592128453491
11.27022091820949
13.213491126621706
13.973729924129753
11.537848169120736
10.152162030388963
10.297864959292795
11.599106416140364
9.791943094627872
-0.3835294451986123
2.619096033136037
5.358220157611175
6.813462532716028
11.27821611256773
14.450523009513912
17.6110258369392
21.5249556657808
18.988038800400716
15.02049983935427
13.658707108371688
14.325395324243358
13.585383788603231
11.259953070128226
11.459105377822176
15.500279690446096
20.08307217802261
14.432819394620925
12.494038977644035
14.470053693768714
20.609924249201562
23.80267803580242
17.716296240683114
14.612336358917887
15.431770086001755
19.252494937815747
23.826800128170543
22.183273295382698
17.716673904433307
17.613654893465768
19.135639321561808
22.339367532824625
21.667619194073595
20.710404397494745
17.63427303474539
-200
-200
8.057017294510006
7.741671913412969
10.681997696138254
-200
4.80497014169309
8.454297396284641
11.7911967468998
17.495227814561144
16.686194182098323
19.10886728941278
18.687838014614805
17.602896216472146
17.14408823971634
16.811998500982696
17.370816089983855
18.980589060219348
17.172528618166144
14.299532656177972
10.911718079854174
-200
12.82358196386475
10.061316113111962
5.967385934165691
5.790518199216754
8.459064147636557
7.833803921690895
-200
8.974212808212805
11.544765633471927
13.069603999747116
24.68330836848224
38.86911197065397
39.391315513177815
41.54537346356672
26.921209131046595
22.05321176596628
18.46705978238259
21.535899010712892
27.08000633702724
24.804450577278736
23.00063917832103
23.093693866348445
21.155963011553442
18.07935413569521
14.170880367437952
8.839199548589315
-200
3.6347573988302573
6.044947076262231
8.369050853848453
14.646542287196029
13.680136933730616
15.265714215510497
13.707890854553979
10.798104644713494
11.922746251458777
12.666777182523528
13.929547227402733
16.961084954546372
22.468096244774554
26.78311039875681
27.33501329411174
27.183243724229172
26.473859328416847
27.811045095755503
28.19292521543538
26.635764189536065
25.42676637995427
22.689224945783344
20.25509343171672
21.143740696157725
19.933509435664156
7.104448731892563
-200
8.70567159309916
10.662941113272538
12.67810252372814
13.279242967554845
14.545122754492507
14.536565707278672
17.82069834761592
20.145905784867345
22.02671729999963
14.030449406138741
10.02178069938697
8.869549907165137
8.332919065031115
12.667824213205726
23.524289987925386
24.46529021704479
24.229157992984057
23.459010294908865
22.344357383716243
17.63850723691059
15.13591929730431
15.701878735812357
20.501339373818897
22.067036795980783
19.880197345432066
20.1120201369949
21.46107286607379
24.88033665386658
27.553075559785718
24.46667118132481
16.447856683814713
3.750805204398443
1.7864099010408097
9.784524978164118
14.910417374754175
14.960744845296485
8.646361846882684
6.422073016836265
5.874325724546897
9.715475469266138
14.757234710713949
16.45608239055455
10.5030678100308
8.392069747317244
9.269594624943762
13.485232193456744
10.683817736556644
8.594546760311763
11.015318372868803
17.66240190768128
16.86717776685096
13.555780019610706
14.785698091260176
15.981451929246582
17.64607330346153
20.65908009218642
16.87592352512208
14.43964292148938
8.180661108366017
-200
6.974756182079655
10.471143395569333
16.415741984757254
18.624199388636388
16.082114180409476
17.075412252904655
17.72483800726929
13.930627788653569
13.440883957732737
16.65273437194186
23.3506904689915
25.358825751176415
24.143422057317103
19.81604990518385
14.338658612508198
11.944361826551315
11.044917669000727
13.982137513099053
19.3422528379129
17.86203018803541
14.734888818910166
12.177706374320334
12.556067435594302
14.25478424724465
19.601475379544716
17.668242745261225
15.390171394144003
16.007851626764232
18.241879153706357
20.07372997281209
23.904377026520052
21.84833401602193
19.099604129600042
14.595989735220158
14.343470286737983
17.626798020714144
15.05068582162345
17.000760511553977
14.192844654943414
15.50338852322702
15.886451374226366
14.45792515547469
12.456599193356027
12.690815729576649
16.300049724716672
13.57575611203976
-200
-200
4.575930105237455
6.648834583438412
16.82678897747405
16.405201895303705
16.992075784163113
18.779071342306334
21.064988212544243
23.859710953864003
24.43107116749021
21.5199787206709
21.160036815011004
24.380937925799277
24.819339193260454
21.45261802775769
22.692016903262406
23.7991978650596
22.045017152194998
20.218414339177816
21.719703052459977
-200
-200
-200
